
<!DOCTYPE html>
<html><head>
		<meta charset="utf-8">
		<meta name="viewport" content="width=device-width, user-scalable=no, minimum-scale=1.0, maximum-scale=1.0">
		<title>three.js css3d - periodic table</title>
		<style>
			html, body {
				height: 100%;
			}

			body {
				background-color: #000000;
				margin: 0;
				font-family: Helvetica, sans-serif;;
				overflow: hidden;
			}

			a {
				color: #ffffff;
			}

			#info {
				position: absolute;
				width: 100%;
				color: #ffffff;
				padding: 5px;
				font-family: Monospace;
				font-size: 13px;
				font-weight: bold;
				text-align: center;
				z-index: 1;
			}

			#menu {
				position: absolute;
				bottom: 20px;
				width: 100%;
				text-align: center;
			}

			.element {
				width: 120px;
				height: 160px;
				box-shadow: 0px 0px 12px rgba(0,255,255,0.5);
				border: 1px solid rgba(127,255,255,0.25);
				text-align: center;
				cursor: default;
			}

			.element:hover {
				box-shadow: 0px 0px 12px rgba(0,255,255,0.75);
				border: 1px solid rgba(127,255,255,0.75);
			}

				.element .number {
					position: absolute;
					top: 20px;
					right: 20px;
					font-size: 12px;
					color: rgba(127,255,255,0.75);
				}

				.element .symbol {
					position: absolute;
					top: 40px;
					left: 0px;
					right: 0px;
					font-size: 60px;
					font-weight: bold;
					color: rgba(255,255,255,0.75);
					text-shadow: 0 0 10px rgba(0,255,255,0.95);
				}

				.element .details {
					position: absolute;
					bottom: 15px;
					left: 0px;
					right: 0px;
					font-size: 12px;
					color: rgba(127,255,255,0.75);
				}

			button {
				color: rgba(127,255,255,0.75);
				background: transparent;
				outline: 1px solid rgba(127,255,255,0.75);
				border: 0px;
				padding: 5px 10px;
				cursor: pointer;
			}
			button:hover {
				background-color: rgba(0,255,255,0.5);
			}
			button:active {
				color: #000000;
				background-color: rgba(0,255,255,0.75);
			}
		</style>
	<style id="style-1-cropbar-clipper">/* Copyright 2014 Evernote Corporation. All rights reserved. */
.en-markup-crop-options {
    top: 18px !important;
    left: 50% !important;
    margin-left: -100px !important;
    width: 200px !important;
    border: 2px rgba(255,255,255,.38) solid !important;
    border-radius: 4px !important;
}

.en-markup-crop-options div div:first-of-type {
    margin-left: 0px !important;
}
</style></head>
	<body>
		<script src="../build/three.min.js"></script>
		<script src="js/libs/tween.min.js"></script>
		<script src="js/controls/TrackballControls.js"></script>
		<script src="js/renderers/CSS3DRenderer.js"></script>

		<div id="container"><div style="overflow: hidden; -webkit-transform-style: preserve-3d; transform-style: preserve-3d; width: 954px; height: 1099px; position: absolute; -webkit-perspective: 1509.73884199032px; perspective: 1509.73884199032px;"><div style="-webkit-transform-style: preserve-3d; transform-style: preserve-3d; width: 954px; height: 1099px; -webkit-transform: translate3d(0px, 0px, 1509.73884199032px) matrix3d(-0.602146625518799, 0.331680119037628, -0.726228535175324, 0, 0.483045727014542, -0.572893440723419, -0.662163078784943, 0, 0.635677874088287, 0.749520838260651, -0.184749186038971, 0, 0, 0.000011651231034193, -1291.18957519531, 1) translate3d(477px, 549.5px, 0px); transform: translate3d(0px, 0px, 1509.73884199032px) matrix3d(-0.602146625518799, 0.331680119037628, -0.726228535175324, 0, 0.483045727014542, -0.572893440723419, -0.662163078784943, 0, 0.635677874088287, 0.749520838260651, -0.184749186038971, 0, 0, 0.000011651231034193, -1291.18957519531, 1) translate3d(477px, 549.5px, 0px);"><div class="element" style="position: absolute; -webkit-transform: translate3d(-50%, -50%, 0px) matrix3d(-1, 0, 0, 0, 0, -1, 0, 0, 0, 0, -1, 0, 0, 0, -800, 1); transform: translate3d(-50%, -50%, 0px) matrix3d(-1, 0, 0, 0, 0, -1, 0, 0, 0, 0, -1, 0, 0, 0, -800, 1); background-color: rgba(0, 127, 127, 0.501961);"><div class="number">1</div><div class="symbol">H</div><div class="details">Hydrogen<br>1.00794</div></div><div class="element" style="position: absolute; -webkit-transform: translate3d(-50%, -50%, 0px) matrix3d(-0.985434949398041, 0, -0.170052841305733, 0, 0.0118218157440424, -0.997580647468567, -0.0685059428215027, 0, 0.169641420245171, 0.0695184841752052, -0.98305082321167, 0, 135.713134765625, 55.6147918701172, -786.440673828125, 1); transform: translate3d(-50%, -50%, 0px) matrix3d(-0.985434949398041, 0, -0.170052841305733, 0, 0.0118218157440424, -0.997580647468567, -0.0685059428215027, 0, 0.169641420245171, 0.0695184841752052, -0.98305082321167, 0, 135.713134765625, 55.6147918701172, -786.440673828125, 1); background-color: rgba(0, 127, 127, 0.462745);"><div class="number">2</div><div class="symbol">He</div><div class="details">Helium<br>4.002602</div></div><div class="element" style="position: absolute; -webkit-transform: translate3d(-50%, -50%, 0px) matrix3d(-0.992411613464356, 0, -0.122960083186626, 0, -0.0281251836568117, -0.973488926887512, 0.226998522877693, 0, 0.119700275361538, -0.228734254837036, -0.966101706027985, 0, 95.7602233886719, -182.987396240234, -772.88134765625, 1); transform: translate3d(-50%, -50%, 0px) matrix3d(-0.992411613464356, 0, -0.122960083186626, 0, -0.0281251836568117, -0.973488926887512, 0.226998522877693, 0, 0.119700275361538, -0.228734254837036, -0.966101706027985, 0, 95.7602233886719, -182.987396240234, -772.88134765625, 1); background-color: rgba(0, 127, 127, 0.286275);"><div class="number">3</div><div class="symbol">Li</div><div class="details">Lithium<br>6.941</div></div><div class="element" style="position: absolute; -webkit-transform: translate3d(-50%, -50%, 0px) matrix3d(-0.980111539363861, 0, 0.198447495698929, 0, 0.0494833700358868, -0.968412816524506, 0.244393214583397, 0, -0.192179098725319, -0.24935245513916, -0.949152529239655, 0, -153.743270874023, -199.481964111328, -759.322021484375, 1); transform: translate3d(-50%, -50%, 0px) matrix3d(-0.980111539363861, 0, 0.198447495698929, 0, 0.0494833700358868, -0.968412816524506, 0.244393214583397, 0, -0.192179098725319, -0.24935245513916, -0.949152529239655, 0, -153.743270874023, -199.481964111328, -759.322021484375, 1); background-color: rgba(0, 127, 127, 0.568627);"><div class="number">4</div><div class="symbol">Be</div><div class="details">Beryllium<br>9.012182</div></div><div class="element" style="position: absolute; -webkit-transform: translate3d(-50%, -50%, 0px) matrix3d(-0.932356238365173, 0, 0.361541002988815, 0, -0.00654585240408778, -0.999836087226868, -0.0168807040899992, 0, -0.361481726169586, 0.0181054230779409, -0.932203412055969, 0, -289.185363769531, 14.484338760376, -745.7626953125, 1); transform: translate3d(-50%, -50%, 0px) matrix3d(-0.932356238365173, 0, 0.361541002988815, 0, -0.00654585240408778, -0.999836087226868, -0.0168807040899992, 0, -0.361481726169586, 0.0181054230779409, -0.932203412055969, 0, -289.185363769531, 14.484338760376, -745.7626953125, 1); background-color: rgba(0, 127, 127, 0.529412);"><div class="number">5</div><div class="symbol">B</div><div class="details">Boron<br>10.811</div></div><div class="element" style="position: absolute; -webkit-transform: translate3d(-50%, -50%, 0px) matrix3d(-0.964822351932526, 0, 0.262902706861496, 0, -0.0831834003329277, -0.948624610900879, -0.305273413658142, 0, -0.249395966529846, 0.316403746604919, -0.915254235267639, 0, -199.51676940918, 253.123001098633, -732.203369140625, 1); transform: translate3d(-50%, -50%, 0px) matrix3d(-0.964822351932526, 0, 0.262902706861496, 0, -0.0831834003329277, -0.948624610900879, -0.305273413658142, 0, -0.249395966529846, 0.316403746604919, -0.915254235267639, 0, -199.51676940918, 253.123001098633, -732.203369140625, 1); background-color: rgba(0, 127, 127, 0.258824);"><div class="number">6</div><div class="symbol">C</div><div class="details">Carbon<br>12.0107</div></div><div class="element" style="position: absolute; -webkit-transform: translate3d(-50%, -50%, 0px) matrix3d(-0.998631119728088, 0, -0.0523056462407112, 0, 0.0228494983166456, -0.899536430835724, -0.436247736215591, 0, 0.0470508337020874, 0.436845719814301, -0.898305058479309, 0, 37.6406669616699, 349.476593017578, -718.64404296875, 1); transform: translate3d(-50%, -50%, 0px) matrix3d(-0.998631119728088, 0, -0.0523056462407112, 0, 0.0228494983166456, -0.899536430835724, -0.436247736215591, 0, 0.0470508337020874, 0.436845719814301, -0.898305058479309, 0, 37.6406669616699, 349.476593017578, -718.64404296875, 1); background-color: rgba(0, 127, 127, 0.666667);"><div class="number">7</div><div class="symbol">N</div><div class="details">Nitrogen<br>14.0067</div></div><div class="element" style="position: absolute; -webkit-transform: translate3d(-50%, -50%, 0px) matrix3d(-0.930698096752167, 0, -0.365788280963898, 0, 0.117521032691002, -0.946983695030212, -0.299016118049622, 0, 0.346395552158356, 0.321281552314758, -0.881355941295624, 0, 277.116455078125, 257.025238037109, -705.084716796875, 1); transform: translate3d(-50%, -50%, 0px) matrix3d(-0.930698096752167, 0, -0.365788280963898, 0, 0.117521032691002, -0.946983695030212, -0.299016118049622, 0, 0.346395552158356, 0.321281552314758, -0.881355941295624, 0, 277.116455078125, 257.025238037109, -705.084716796875, 1); background-color: rgba(0, 127, 127, 0.654902);"><div class="number">8</div><div class="symbol">O</div><div class="details">Oxygen<br>15.9994</div></div><div class="element" style="position: absolute; -webkit-transform: translate3d(-50%, -50%, 0px) matrix3d(-0.86508172750473, 0, -0.501630902290344, 0, 0.0198120027780533, -0.99921977519989, -0.0341665595769882, 0, 0.501239538192749, 0.0394951812922955, -0.864406764507294, 0, 400.991607666016, 31.5961437225342, -691.525451660156, 1); transform: translate3d(-50%, -50%, 0px) matrix3d(-0.86508172750473, 0, -0.501630902290344, 0, 0.0198120027780533, -0.99921977519989, -0.0341665595769882, 0, 0.501239538192749, 0.0394951812922955, -0.864406764507294, 0, 400.991607666016, 31.5961437225342, -691.525451660156, 1); background-color: rgba(0, 127, 127, 0.556863);"><div class="number">9</div><div class="symbol">F</div><div class="details">Fluorine<br>18.9984032</div></div><div class="element" style="position: absolute; -webkit-transform: translate3d(-50%, -50%, 0px) matrix3d(-0.882423341274262, 0, -0.470456182956696, 0, -0.131120786070824, -0.960375368595123, 0.24594010412693, 0, 0.451814532279968, -0.278709888458252, -0.847457647323608, 0, 361.451629638672, -222.967910766602, -677.966125488281, 1); transform: translate3d(-50%, -50%, 0px) matrix3d(-0.882423341274262, 0, -0.470456182956696, 0, -0.131120786070824, -0.960375368595123, 0.24594010412693, 0, 0.451814532279968, -0.278709888458252, -0.847457647323608, 0, 361.451629638672, -222.967910766602, -677.966125488281, 1); background-color: rgba(0, 127, 127, 0.376471);"><div class="number">10</div><div class="symbol">Ne</div><div class="details">Neon<br>20.1797</div></div><div class="element" style="position: absolute; -webkit-transform: translate3d(-50%, -50%, 0px) matrix3d(-0.964855968952179, 0, -0.262779295444489, 0, -0.133757993578911, -0.860759019851685, 0.49112394452095, 0, 0.226189643144608, -0.509012699127197, -0.830508470535278, 0, 180.951721191406, -407.210144042969, -664.406799316406, 1); transform: translate3d(-50%, -50%, 0px) matrix3d(-0.964855968952179, 0, -0.262779295444489, 0, -0.133757993578911, -0.860759019851685, 0.49112394452095, 0, 0.226189643144608, -0.509012699127197, -0.830508470535278, 0, 180.951721191406, -407.210144042969, -664.406799316406, 1); background-color: rgba(0, 127, 127, 0.388235);"><div class="number">11</div><div class="symbol">Na</div><div class="details">Sodium<br>22.98976...</div></div><div class="element" style="position: absolute; -webkit-transform: translate3d(-50%, -50%, 0px) matrix3d(-0.993961751461029, 0, 0.109727248549461, 0, 0.0630387589335442, -0.818501651287079, 0.571035206317902, 0, -0.0898119360208511, -0.574504196643829, -0.813559293746948, 0, -71.8495483398438, -459.603332519531, -650.847473144531, 1); transform: translate3d(-50%, -50%, 0px) matrix3d(-0.993961751461029, 0, 0.109727248549461, 0, 0.0630387589335442, -0.818501651287079, 0.571035206317902, 0, -0.0898119360208511, -0.574504196643829, -0.813559293746948, 0, -71.8495483398438, -459.603332519531, -650.847473144531, 1); background-color: rgba(0, 127, 127, 0.701961);"><div class="number">12</div><div class="symbol">Mg</div><div class="details">Magnesium<br>24.305</div></div><div class="element" style="position: absolute; -webkit-transform: translate3d(-50%, -50%, 0px) matrix3d(-0.897295236587524, 0, 0.441430896520615, 0, 0.203167617321014, -0.887790501117706, 0.412978202104569, 0, -0.391898155212402, -0.460247844457626, -0.796610176563263, 0, -313.518524169922, -368.198272705078, -637.288146972656, 1); transform: translate3d(-50%, -50%, 0px) matrix3d(-0.897295236587524, 0, 0.441430896520615, 0, 0.203167617321014, -0.887790501117706, 0.412978202104569, 0, -0.391898155212402, -0.460247844457626, -0.796610176563263, 0, -313.518524169922, -368.198272705078, -637.288146972656, 1); background-color: rgba(0, 127, 127, 0.701961);"><div class="number">13</div><div class="symbol">Al</div><div class="details">Aluminium<br>26.9815386</div></div><div class="element" style="position: absolute; -webkit-transform: translate3d(-50%, -50%, 0px) matrix3d(-0.796742916107178, 0, 0.60431843996048, 0, 0.12446553260088, -0.978560388088226, 0.164097294211388, 0, -0.591362059116364, -0.205960169434547, -0.779661059379578, 0, -473.089660644531, -164.768142700195, -623.728820800781, 1); transform: translate3d(-50%, -50%, 0px) matrix3d(-0.796742916107178, 0, 0.60431843996048, 0, 0.12446553260088, -0.978560388088226, 0.164097294211388, 0, -0.591362059116364, -0.205960169434547, -0.779661059379578, 0, -473.089660644531, -164.768142700195, -623.728820800781, 1); background-color: rgba(0, 127, 127, 0.556863);"><div class="number">14</div><div class="symbol">Si</div><div class="details">Silicon<br>28.0855</div></div><div class="element" style="position: absolute; -webkit-transform: translate3d(-50%, -50%, 0px) matrix3d(-0.767737090587616, 0, 0.640765011310577, 0, -0.0731935948133469, -0.993454515933991, -0.0876974239945412, 0, -0.636570870876312, 0.114228457212448, -0.762711882591248, 0, -509.256683349609, 91.3827667236328, -610.169494628906, 1); transform: translate3d(-50%, -50%, 0px) matrix3d(-0.767737090587616, 0, 0.640765011310577, 0, -0.0731935948133469, -0.993454515933991, -0.0876974239945412, 0, -0.636570870876312, 0.114228457212448, -0.762711882591248, 0, -509.256683349609, 91.3827667236328, -610.169494628906, 1); background-color: rgba(0, 127, 127, 0.705882);"><div class="number">15</div><div class="symbol">P</div><div class="details">Phosphorus<br>30.973762</div></div><div class="element" style="position: absolute; -webkit-transform: translate3d(-50%, -50%, 0px) matrix3d(-0.820141792297363, 0, 0.572160303592682, 0, -0.238087639212608, -0.909309446811676, -0.341277867555618, 0, -0.520270764827728, 0.416120558977127, -0.745762705802918, 0, -416.216613769531, 332.896453857422, -596.610168457031, 1); transform: translate3d(-50%, -50%, 0px) matrix3d(-0.820141792297363, 0, 0.572160303592682, 0, -0.238087639212608, -0.909309446811676, -0.341277867555618, 0, -0.520270764827728, 0.416120558977127, -0.745762705802918, 0, -416.216613769531, 332.896453857422, -596.610168457031, 1); background-color: rgba(0, 127, 127, 0.745098);"><div class="number">16</div><div class="symbol">S</div><div class="details">Sulfur<br>32.065</div></div><div class="element" style="position: absolute; -webkit-transform: translate3d(-50%, -50%, 0px) matrix3d(-0.93567305803299, 0, 0.352868139743805, 0, -0.221292242407799, -0.778919041156769, -0.586783468723297, 0, -0.274855703115463, 0.627124488353729, -0.728813588619232, 0, -219.884552001953, 501.699615478516, -583.050842285156, 1); transform: translate3d(-50%, -50%, 0px) matrix3d(-0.93567305803299, 0, 0.352868139743805, 0, -0.221292242407799, -0.778919041156769, -0.586783468723297, 0, -0.274855703115463, 0.627124488353729, -0.728813588619232, 0, -219.884552001953, 501.699615478516, -583.050842285156, 1); background-color: rgba(0, 127, 127, 0.568627);"><div class="number">17</div><div class="symbol">Cl</div><div class="details">Chlorine<br>35.453</div></div><div class="element" style="position: absolute; -webkit-transform: translate3d(-50%, -50%, 0px) matrix3d(-0.99839848279953, 0, -0.0565723441541195, 0, 0.0396661311388016, -0.713006317615509, -0.700034737586975, 0, 0.040336437523365, 0.701157629489899, -0.711864411830902, 0, 32.2691497802734, 560.926086425781, -569.491516113281, 1); transform: translate3d(-50%, -50%, 0px) matrix3d(-0.99839848279953, 0, -0.0565723441541195, 0, 0.0396661311388016, -0.713006317615509, -0.700034737586975, 0, 0.040336437523365, 0.701157629489899, -0.711864411830902, 0, 32.2691497802734, 560.926086425781, -569.491516113281, 1); background-color: rgba(0, 127, 127, 0.431373);"><div class="number">18</div><div class="symbol">Ar</div><div class="details">Argon<br>39.948</div></div><div class="element" style="position: absolute; -webkit-transform: translate3d(-50%, -50%, 0px) matrix3d(-0.89043003320694, 0, -0.455120116472244, 0, 0.284562706947327, -0.780426561832428, -0.556739151477814, 0, 0.355187803506851, 0.625247478485107, -0.694915235042572, 0, 284.150268554688, 500.197967529297, -555.932189941406, 1); transform: translate3d(-50%, -50%, 0px) matrix3d(-0.89043003320694, 0, -0.455120116472244, 0, 0.284562706947327, -0.780426561832428, -0.556739151477814, 0, 0.355187803506851, 0.625247478485107, -0.694915235042572, 0, 284.150268554688, 500.197967529297, -555.932189941406, 1); background-color: rgba(0, 127, 127, 0.705882);"><div class="number">19</div><div class="symbol">K</div><div class="details">Potassium<br>39.948</div></div><div class="element" style="position: absolute; -webkit-transform: translate3d(-50%, -50%, 0px) matrix3d(-0.746413290500641, 0, -0.665482640266419, 0, 0.278386443853378, -0.908298492431641, -0.312241554260254, 0, 0.604456901550293, 0.418322622776032, -0.677966117858887, 0, 483.565521240234, 334.658111572266, -542.372863769531, 1); transform: translate3d(-50%, -50%, 0px) matrix3d(-0.746413290500641, 0, -0.665482640266419, 0, 0.278386443853378, -0.908298492431641, -0.312241554260254, 0, 0.604456901550293, 0.418322622776032, -0.677966117858887, 0, 483.565521240234, 334.658111572266, -542.372863769531, 1); background-color: rgba(0, 127, 127, 0.6);"><div class="number">20</div><div class="symbol">Ca</div><div class="details">Calcium<br>40.078</div></div><div class="element" style="position: absolute; -webkit-transform: translate3d(-50%, -50%, 0px) matrix3d(-0.666159093379974, 0, -0.745809674263001, 0, 0.0924882516264916, -0.992280900478363, -0.0826107487082481, 0, 0.740052700042725, 0.124010533094406, -0.661016941070557, 0, 592.042175292969, 99.2084197998047, -528.813537597656, 1); transform: translate3d(-50%, -50%, 0px) matrix3d(-0.666159093379974, 0, -0.745809674263001, 0, 0.0924882516264916, -0.992280900478363, -0.0826107487082481, 0, 0.740052700042725, 0.124010533094406, -0.661016941070557, 0, 592.042175292969, 99.2084197998047, -528.813537597656, 1); background-color: rgba(0, 127, 127, 0.556863);"><div class="number">21</div><div class="symbol">Sc</div><div class="details">Scandium<br>44.955912</div></div><div class="element" style="position: absolute; -webkit-transform: translate3d(-50%, -50%, 0px) matrix3d(-0.657363176345825, 0, -0.753573954105377, 0, -0.150793209671974, -0.979774653911591, 0.131541028618813, 0, 0.738332629203796, -0.200104057788849, -0.644067764282227, 0, 590.666076660156, -160.083267211914, -515.254211425781, 1); transform: translate3d(-50%, -50%, 0px) matrix3d(-0.657363176345825, 0, -0.753573954105377, 0, -0.150793209671974, -0.979774653911591, 0.131541028618813, 0, 0.738332629203796, -0.200104057788849, -0.644067764282227, 0, 590.666076660156, -160.083267211914, -515.254211425781, 1); background-color: rgba(0, 127, 127, 0.631373);"><div class="number">22</div><div class="symbol">Ti</div><div class="details">Titanium<br>47.867</div></div><div class="element" style="position: absolute; -webkit-transform: translate3d(-50%, -50%, 0px) matrix3d(-0.721387386322022, 0, -0.692531764507294, 0, -0.342279970645905, -0.869322955608368, 0.356541752815247, 0, 0.602033734321594, -0.494244486093521, -0.627118647098541, 0, 481.626983642578, -395.395599365234, -501.694915771484, 1); transform: translate3d(-50%, -50%, 0px) matrix3d(-0.721387386322022, 0, -0.692531764507294, 0, -0.342279970645905, -0.869322955608368, 0.356541752815247, 0, 0.602033734321594, -0.494244486093521, -0.627118647098541, 0, 481.626983642578, -395.395599365234, -501.694915771484, 1); background-color: rgba(0, 127, 127, 0.447059);"><div class="number">23</div><div class="symbol">V</div><div class="details">Vanadium<br>50.9415</div></div><div class="element" style="position: absolute; -webkit-transform: translate3d(-50%, -50%, 0px) matrix3d(-0.862866342067719, 0, -0.50543212890625, 0, -0.357376426458359, -0.707142531871796, 0.610107839107513, 0, 0.357412576675415, -0.70707106590271, -0.610169470310211, 0, 285.930053710938, -565.656799316406, -488.135589599609, 1); transform: translate3d(-50%, -50%, 0px) matrix3d(-0.862866342067719, 0, -0.50543212890625, 0, -0.357376426458359, -0.707142531871796, 0.610107839107513, 0, 0.357412576675415, -0.70707106590271, -0.610169470310211, 0, 285.930053710938, -565.656799316406, -488.135589599609, 1); background-color: rgba(0, 127, 127, 0.709804);"><div class="number">24</div><div class="symbol">Cr</div><div class="details">Chromium<br>51.9961</div></div><div class="element" style="position: absolute; -webkit-transform: translate3d(-50%, -50%, 0px) matrix3d(-0.996766865253449, 0, -0.0803481489419937, 0, -0.0645692721009255, -0.59514456987381, 0.801020443439484, 0, 0.0478187575936317, -0.803618669509888, -0.593220353126526, 0, 38.2550048828125, -642.894958496094, -474.576263427734, 1); transform: translate3d(-50%, -50%, 0px) matrix3d(-0.996766865253449, 0, -0.0803481489419937, 0, -0.0645692721009255, -0.59514456987381, 0.801020443439484, 0, 0.0478187575936317, -0.803618669509888, -0.593220353126526, 0, 38.2550048828125, -642.894958496094, -474.576263427734, 1); background-color: rgba(0, 127, 127, 0.541176);"><div class="number">25</div><div class="symbol">Mn</div><div class="details">Manganese<br>54.938045</div></div><div class="element" style="position: absolute; -webkit-transform: translate3d(-50%, -50%, 0px) matrix3d(-0.902656555175781, 0, 0.43036162853241, 0, 0.331245362758637, -0.638416886329651, 0.694766402244568, 0, -0.274750143289566, -0.769690752029419, -0.576271176338196, 0, -219.800109863281, -615.752624511719, -461.016937255859, 1); transform: translate3d(-50%, -50%, 0px) matrix3d(-0.902656555175781, 0, 0.43036162853241, 0, 0.331245362758637, -0.638416886329651, 0.694766402244568, 0, -0.274750143289566, -0.769690752029419, -0.576271176338196, 0, -219.800109863281, -615.752624511719, -461.016937255859, 1); background-color: rgba(0, 127, 127, 0.572549);"><div class="number">26</div><div class="symbol">Fe</div><div class="details">Iron<br>55.845</div></div><div class="element" style="position: absolute; -webkit-transform: translate3d(-50%, -50%, 0px) matrix3d(-0.707605302333832, 0, 0.706607937812805, 0, 0.432822018861771, -0.790443539619446, 0.433432936668396, 0, -0.558533668518066, -0.612534880638123, -0.559321999549866, 0, -446.826934814453, -490.027923583984, -447.457641601563, 1); transform: translate3d(-50%, -50%, 0px) matrix3d(-0.707605302333832, 0, 0.706607937812805, 0, 0.432822018861771, -0.790443539619446, 0.433432936668396, 0, -0.558533668518066, -0.612534880638123, -0.559321999549866, 0, -446.826934814453, -490.027923583984, -447.457641601563, 1); background-color: rgba(0, 127, 127, 0.501961);"><div class="number">27</div><div class="symbol">Co</div><div class="details">Cobalt<br>58.933195</div></div><div class="element" style="position: absolute; -webkit-transform: translate3d(-50%, -50%, 0px) matrix3d(-0.580918848514557, 0, 0.813961505889893, 0, 0.291557520627975, -0.933646500110626, 0.208082661032677, 0, -0.759952306747437, -0.358195722103119, -0.542372822761536, 0, -607.961853027344, -286.556579589844, -433.898315429688, 1); transform: translate3d(-50%, -50%, 0px) matrix3d(-0.580918848514557, 0, 0.813961505889893, 0, 0.291557520627975, -0.933646500110626, 0.208082661032677, 0, -0.759952306747437, -0.358195722103119, -0.542372822761536, 0, -607.961853027344, -286.556579589844, -433.898315429688, 1); background-color: rgba(0, 127, 127, 0.627451);"><div class="number">28</div><div class="symbol">Ni</div><div class="details">Nickel<br>58.6934</div></div><div class="element" style="position: absolute; -webkit-transform: translate3d(-50%, -50%, 0px) matrix3d(-0.525988936424255, 0, 0.850491404533386, 0, 0.0394174493849278, -0.998925387859345, 0.0243778470903635, 0, -0.849577486515045, -0.0463466793298721, -0.52542370557785, 0, -679.661987304688, -37.0773429870606, -420.338989257813, 1); transform: translate3d(-50%, -50%, 0px) matrix3d(-0.525988936424255, 0, 0.850491404533386, 0, 0.0394174493849278, -0.998925387859345, 0.0243778470903635, 0, -0.849577486515045, -0.0463466793298721, -0.52542370557785, 0, -679.661987304688, -37.0773429870606, -420.338989257813, 1); background-color: rgba(0, 127, 127, 0.509804);"><div class="number">29</div><div class="symbol">Cu</div><div class="details">Copper<br>63.546</div></div><div class="element" style="position: absolute; -webkit-transform: translate3d(-50%, -50%, 0px) matrix3d(-0.529081463813782, 0, 0.848571062088013, 0, -0.234518632292748, -0.961051642894745, -0.146221607923508, 0, -0.815520584583283, 0.276368856430054, -0.508474588394165, 0, -652.41650390625, 221.095092773438, -406.779663085938, 1); transform: translate3d(-50%, -50%, 0px) matrix3d(-0.529081463813782, 0, 0.848571062088013, 0, -0.234518632292748, -0.961051642894745, -0.146221607923508, 0, -0.815520584583283, 0.276368856430054, -0.508474588394165, 0, -652.41650390625, 221.095092773438, -406.779663085938, 1); background-color: rgba(0, 127, 127, 0.345098);"><div class="number">30</div><div class="symbol">Zn</div><div class="details">Zinc<br>65.38</div></div><div class="element" style="position: absolute; -webkit-transform: translate3d(-50%, -50%, 0px) matrix3d(-0.5949347615242, 0, 0.803773999214172, 0, -0.452846884727478, -0.82618373632431, -0.335186690092087, 0, -0.664065003395081, 0.563400745391846, -0.491525441408157, 0, -531.252014160156, 450.720611572266, -393.220336914063, 1); transform: translate3d(-50%, -50%, 0px) matrix3d(-0.5949347615242, 0, 0.803773999214172, 0, -0.452846884727478, -0.82618373632431, -0.335186690092087, 0, -0.664065003395081, 0.563400745391846, -0.491525441408157, 0, -531.252014160156, 450.720611572266, -393.220336914063, 1); background-color: rgba(0, 127, 127, 0.509804);"><div class="number">31</div><div class="symbol">Ga</div><div class="details">Gallium<br>69.723</div></div><div class="element" style="position: absolute; -webkit-transform: translate3d(-50%, -50%, 0px) matrix3d(-0.750616133213043, 0, 0.660738527774811, 0, -0.511917293071747, -0.632248997688294, -0.581551313400269, 0, -0.417751282453537, 0.774765253067017, -0.47457629442215, 0, -334.201019287109, 619.812194824219, -379.661010742188, 1); transform: translate3d(-50%, -50%, 0px) matrix3d(-0.750616133213043, 0, 0.660738527774811, 0, -0.511917293071747, -0.632248997688294, -0.581551313400269, 0, -0.417751282453537, 0.774765253067017, -0.47457629442215, 0, -334.201019287109, 619.812194824219, -379.661010742188, 1); background-color: rgba(0, 127, 127, 0.317647);"><div class="number">32</div><div class="symbol">Ge</div><div class="details">Germanium<br>72.63</div></div><div class="element" style="position: absolute; -webkit-transform: translate3d(-50%, -50%, 0px) matrix3d(-0.971613228321075, 0, 0.236574962735176, 0, -0.208690986037254, -0.470997214317322, -0.857093751430512, 0, -0.111426144838333, 0.882134675979614, -0.45762711763382, 0, -89.1409149169922, 705.707763671875, -366.101684570313, 1); transform: translate3d(-50%, -50%, 0px) matrix3d(-0.971613228321075, 0, 0.236574962735176, 0, -0.208690986037254, -0.470997214317322, -0.857093751430512, 0, -0.111426144838333, 0.882134675979614, -0.45762711763382, 0, -89.1409149169922, 705.707763671875, -366.101684570313, 1); background-color: rgba(0, 127, 127, 0.513726);"><div class="number">33</div><div class="symbol">As</div><div class="details">Arsenic<br>74.9216</div></div><div class="element" style="position: absolute; -webkit-transform: translate3d(-50%, -50%, 0px) matrix3d(-0.900313377380371, 0, -0.435242235660553, 0, 0.379539579153061, -0.489471733570099, -0.785090506076813, 0, 0.213038772344589, 0.872019171714783, -0.440677970647812, 0, 170.431030273438, 697.615295410156, -352.542358398438, 1); transform: translate3d(-50%, -50%, 0px) matrix3d(-0.900313377380371, 0, -0.435242235660553, 0, 0.379539579153061, -0.489471733570099, -0.785090506076813, 0, 0.213038772344589, 0.872019171714783, -0.440677970647812, 0, 170.431030273438, 697.615295410156, -352.542358398438, 1); background-color: rgba(0, 127, 127, 0.27451);"><div class="number">34</div><div class="symbol">Se</div><div class="details">Selenium<br>78.96</div></div><div class="element" style="position: absolute; -webkit-transform: translate3d(-50%, -50%, 0px) matrix3d(-0.637151777744293, 0, -0.770738363265991, 0, 0.575596153736115, -0.665035903453827, -0.475832223892212, 0, 0.512568652629852, 0.746811389923096, -0.423728823661804, 0, 410.054931640625, 597.449096679688, -338.983062744141, 1); transform: translate3d(-50%, -50%, 0px) matrix3d(-0.637151777744293, 0, -0.770738363265991, 0, 0.575596153736115, -0.665035903453827, -0.475832223892212, 0, 0.512568652629852, 0.746811389923096, -0.423728823661804, 0, 410.054931640625, 597.449096679688, -338.983062744141, 1); background-color: rgba(0, 127, 127, 0.427451);"><div class="number">35</div><div class="symbol">Br</div><div class="details">Bromine<br>79.904</div></div><div class="element" style="position: absolute; -webkit-transform: translate3d(-50%, -50%, 0px) matrix3d(-0.477512300014496, 0, -0.878625094890595, 0, 0.460179060697556, -0.851872622966766, -0.250096589326859, 0, 0.748476624488831, 0.523749053478241, -0.406779646873474, 0, 598.78125, 418.999267578125, -325.423736572266, 1); transform: translate3d(-50%, -50%, 0px) matrix3d(-0.477512300014496, 0, -0.878625094890595, 0, 0.460179060697556, -0.851872622966766, -0.250096589326859, 0, 0.748476624488831, 0.523749053478241, -0.406779646873474, 0, 598.78125, 418.999267578125, -325.423736572266, 1); background-color: rgba(0, 127, 127, 0.380392);"><div class="number">36</div><div class="symbol">Kr</div><div class="details">Krypton<br>83.798</div></div><div class="element" style="position: absolute; -webkit-transform: translate3d(-50%, -50%, 0px) matrix3d(-0.400774091482163, 0, -0.916176915168762, 0, 0.212637007236481, -0.972693920135498, -0.0930163487792015, 0, 0.89115971326828, 0.232091650366783, -0.389830499887466, 0, 712.927795410156, 185.673324584961, -311.864410400391, 1); transform: translate3d(-50%, -50%, 0px) matrix3d(-0.400774091482163, 0, -0.916176915168762, 0, 0.212637007236481, -0.972693920135498, -0.0930163487792015, 0, 0.89115971326828, 0.232091650366783, -0.389830499887466, 0, 712.927795410156, 185.673324584961, -311.864410400391, 1); background-color: rgba(0, 127, 127, 0.529412);"><div class="number">37</div><div class="symbol">Rb</div><div class="details">Rubidium<br>85.4678</div></div><div class="element" style="position: absolute; -webkit-transform: translate3d(-50%, -50%, 0px) matrix3d(-0.374435305595398, 0, -0.927253007888794, 0, -0.0843897685408592, -0.995849907398224, 0.0340775363147259, 0, 0.92340487241745, -0.0910105034708977, -0.372881382703781, 0, 738.723937988281, -72.8084030151367, -298.305084228516, 1); transform: translate3d(-50%, -50%, 0px) matrix3d(-0.374435305595398, 0, -0.927253007888794, 0, -0.0843897685408592, -0.995849907398224, 0.0340775363147259, 0, 0.92340487241745, -0.0910105034708977, -0.372881382703781, 0, 738.723937988281, -72.8084030151367, -298.305084228516, 1); background-color: rgba(0, 127, 127, 0.447059);"><div class="number">38</div><div class="symbol">Sr</div><div class="details">Strontium<br>87.62</div></div><div class="element" style="position: absolute; -webkit-transform: translate3d(-50%, -50%, 0px) matrix3d(-0.389357388019562, 0, -0.92108678817749, 0, -0.37338051199913, -0.914152920246124, 0.157833650708199, 0, 0.842014133930206, -0.4053695499897, -0.355932176113129, 0, 673.611267089844, -324.295684814453, -284.745758056641, 1); transform: translate3d(-50%, -50%, 0px) matrix3d(-0.389357388019562, 0, -0.92108678817749, 0, -0.37338051199913, -0.914152920246124, 0.157833650708199, 0, 0.842014133930206, -0.4053695499897, -0.355932176113129, 0, 673.611267089844, -324.295684814453, -284.745758056641, 1); background-color: rgba(0, 127, 127, 0.376471);"><div class="number">39</div><div class="symbol">Y</div><div class="details">Yttrium<br>88.90585</div></div><div class="element" style="position: absolute; -webkit-transform: translate3d(-50%, -50%, 0px) matrix3d(-0.458148896694183, 0, -0.888875484466553, 0, -0.597964346408844, -0.739897131919861, 0.308205962181091, 0, 0.65767639875412, -0.672720015048981, -0.338983029127121, 0, 526.14111328125, -538.176025390625, -271.186431884766, 1); transform: translate3d(-50%, -50%, 0px) matrix3d(-0.458148896694183, 0, -0.888875484466553, 0, -0.597964346408844, -0.739897131919861, 0.308205962181091, 0, 0.65767639875412, -0.672720015048981, -0.338983029127121, 0, 526.14111328125, -538.176025390625, -271.186431884766, 1); background-color: rgba(0, 127, 127, 0.305882);"><div class="number">40</div><div class="symbol">Zr</div><div class="details">Zirconium<br>91.224</div></div><div class="element" style="position: absolute; -webkit-transform: translate3d(-50%, -50%, 0px) matrix3d(-0.633605360984802, 0, -0.77365642786026, 0, -0.666277468204498, -0.508256316184998, 0.545664608478546, 0, 0.393215745687485, -0.861205875873566, -0.322033911943436, 0, 314.572601318359, -688.964721679688, -257.627105712891, 1); transform: translate3d(-50%, -50%, 0px) matrix3d(-0.633605360984802, 0, -0.77365642786026, 0, -0.666277468204498, -0.508256316184998, 0.545664608478546, 0, 0.393215745687485, -0.861205875873566, -0.322033911943436, 0, 314.572601318359, -688.964721679688, -257.627105712891, 1); background-color: rgba(0, 127, 127, 0.647059);"><div class="number">41</div><div class="symbol">Nb</div><div class="details">Niobium<br>92.90628</div></div><div class="element" style="position: absolute; -webkit-transform: translate3d(-50%, -50%, 0px) matrix3d(-0.966896116733551, 0, -0.255170434713364, 0, -0.242135211825371, -0.315530031919479, 0.917502760887146, 0, 0.0805139318108559, -0.948915600776672, -0.305084764957428, 0, 64.4111480712891, -759.132446289063, -244.067794799805, 1); transform: translate3d(-50%, -50%, 0px) matrix3d(-0.966896116733551, 0, -0.255170434713364, 0, -0.242135211825371, -0.315530031919479, 0.917502760887146, 0, 0.0805139318108559, -0.948915600776672, -0.305084764957428, 0, 64.4111480712891, -759.132446289063, -244.067794799805, 1); background-color: rgba(0, 127, 127, 0.486275);"><div class="number">42</div><div class="symbol">Mo</div><div class="details">Molybdenum<br>95.96</div></div><div class="element" style="position: absolute; -webkit-transform: translate3d(-50%, -50%, 0px) matrix3d(-0.763829469680786, 0, 0.645418107509613, 0, 0.597735702991486, -0.377225041389465, 0.707398951053619, 0, -0.243467852473259, -0.926121652126312, -0.28813561797142, 0, -194.774291992188, -740.897277832031, -230.50846862793, 1); transform: translate3d(-50%, -50%, 0px) matrix3d(-0.763829469680786, 0, 0.645418107509613, 0, 0.597735702991486, -0.377225041389465, 0.707398951053619, 0, -0.243467852473259, -0.926121652126312, -0.28813561797142, 0, -194.774291992188, -740.897277832031, -230.50846862793, 1); background-color: rgba(0, 127, 127, 0.509804);"><div class="number">43</div><div class="symbol">Tc</div><div class="details">Technetium<br>(98)</div></div><div class="element" style="position: absolute; -webkit-transform: translate3d(-50%, -50%, 0px) matrix3d(-0.448068708181381, 0, 0.893999099731445, 0, 0.711665809154511, -0.605234086513519, 0.356683999300003, 0, -0.541078746318817, -0.796047568321228, -0.27118644118309, 0, -432.862976074219, -636.838073730469, -216.949157714844, 1); transform: translate3d(-50%, -50%, 0px) matrix3d(-0.448068708181381, 0, 0.893999099731445, 0, 0.711665809154511, -0.605234086513519, 0.356683999300003, 0, -0.541078746318817, -0.796047568321228, -0.27118644118309, 0, -432.862976074219, -636.838073730469, -216.949157714844, 1); background-color: rgba(0, 127, 127, 0.560784);"><div class="number">44</div><div class="symbol">Ru</div><div class="details">Ruthenium<br>101.07</div></div><div class="element" style="position: absolute; -webkit-transform: translate3d(-50%, -50%, 0px) matrix3d(-0.31051978468895, 0, 0.95056688785553, 0, 0.545771539211273, -0.818747520446777, 0.178286105394363, 0, -0.778274297714233, -0.57415372133255, -0.254237294197083, 0, -622.619445800781, -459.322967529297, -203.389831542969, 1); transform: translate3d(-50%, -50%, 0px) matrix3d(-0.31051978468895, 0, 0.95056688785553, 0, 0.545771539211273, -0.818747520446777, 0.178286105394363, 0, -0.778274297714233, -0.57415372133255, -0.254237294197083, 0, -622.619445800781, -459.322967529297, -203.389831542969, 1); background-color: rgba(0, 127, 127, 0.309804);"><div class="number">45</div><div class="symbol">Rh</div><div class="details">Rhodium<br>102.9055</div></div><div class="element" style="position: absolute; -webkit-transform: translate3d(-50%, -50%, 0px) matrix3d(-0.247638776898384, 0, 0.968852460384369, 0, 0.277179598808289, -0.958202540874481, 0.0708471313118935, 0, -0.928356885910034, -0.286090612411499, -0.237288102507591, 0, -742.685485839844, -228.872467041016, -189.830505371094, 1); transform: translate3d(-50%, -50%, 0px) matrix3d(-0.247638776898384, 0, 0.968852460384369, 0, 0.277179598808289, -0.958202540874481, 0.0708471313118935, 0, -0.928356885910034, -0.286090612411499, -0.237288102507591, 0, -742.685485839844, -228.872467041016, -189.830505371094, 1); background-color: rgba(0, 127, 127, 0.25098);"><div class="number">46</div><div class="symbol">Pd</div><div class="details">Palladium<br>106.42</div></div><div class="element" style="position: absolute; -webkit-transform: translate3d(-50%, -50%, 0px) matrix3d(-0.220477148890495, 0, 0.975392162799835, 0, -0.0345285460352898, -0.999373257160187, -0.00780482310801745, 0, -0.974780797958374, 0.0353996604681015, -0.220338970422745, 0, -779.824645996094, 28.319730758667, -176.271179199219, 1); transform: translate3d(-50%, -50%, 0px) matrix3d(-0.220477148890495, 0, 0.975392162799835, 0, -0.0345285460352898, -0.999373257160187, -0.00780482310801745, 0, -0.974780797958374, 0.0353996604681015, -0.220338970422745, 0, -779.824645996094, 28.319730758667, -176.271179199219, 1); background-color: rgba(0, 127, 127, 0.423529);"><div class="number">47</div><div class="symbol">Ag</div><div class="details">Silver<br>107.8682</div></div><div class="element" style="position: absolute; -webkit-transform: translate3d(-50%, -50%, 0px) matrix3d(-0.217494800686836, 0, 0.976061463356018, 0, -0.345777064561844, -0.935147941112518, -0.0770491659641266, 0, -0.912761867046356, 0.354257494211197, -0.203389808535576, 0, -730.20947265625, 283.405975341797, -162.711868286133, 1); transform: translate3d(-50%, -50%, 0px) matrix3d(-0.217494800686836, 0, 0.976061463356018, 0, -0.345777064561844, -0.935147941112518, -0.0770491659641266, 0, -0.912761867046356, 0.354257494211197, -0.203389808535576, 0, -730.20947265625, 283.405975341797, -162.711868286133, 1); background-color: rgba(0, 127, 127, 0.490196);"><di